 strip / gain / offset  
0 0 0
1 1.93287 -42.2527
2 1.74008 -31.0469
3 1.86559 -40.5133
4 1.66884 -36.4853
5 1.76414 -38.5251
6 1.77609 -38.7079
7 1.87607 -40.9761
8 1.87781 -37.7732
9 1.83934 -40.2034
10 1.81642 -39.6717
11 1.89303 -41.2908
12 1.9857 -43.2872
13 1.82459 -39.8753
14 1.85813 -40.4079
15 1.88644 -41.011
16 1.67853 -29.907
17 1.67611 -36.6462
18 1.69147 -30.1898
19 1.68389 -36.8051
20 0 0
21 1.77519 -40.9664
22 1.72134 -30.6877
23 1.80457 -39.413
24 1.75842 -38.3198
25 1.80933 -39.444
26 1.83285 -39.9702
27 1.84836 -40.2909
28 1.88555 -41.0192
29 1.79727 -32.0829
30 1.73447 -37.7022
31 1.71148 -30.4899
32 1.70521 -37.243
33 1.75013 -38.1797
34 1.7023 -37.1999
35 1.72703 -37.7511
36 1.68015 -36.7153
37 1.77919 -38.8777
38 1.74195 -38.0473
39 1.82623 -39.8764
40 1.83682 -47.4682
41 1.79273 -46.259
42 1.87443 -48.3387
43 1.8413 -40.1918
44 1.82775 -47.1201
45 1.81094 -46.7462
46 1.7611 -45.2255
47 1.72725 -37.5735
48 1.63131 -35.6155
49 1.62931 -35.5651
50 1.6424 -35.9015
51 1.59906 -34.9236
52 1.70467 -37.1955
53 1.66671 -36.4191
54 1.69562 -36.9272
55 0 0
56 1.69312 -43.6553
57 1.68314 -36.7433
58 1.67651 -43.1777
59 1.7524 -38.1069
60 1.73336 -44.5716
61 1.72568 -37.5234
62 1.6883 -43.431
63 1.62802 -35.4509
64 1.69602 -37.0586
65 1.71413 -37.5162
66 1.67187 -36.508
67 1.72911 -44.7114
68 1.7205 -37.549
69 1.71382 -44.3289
70 1.76712 -45.6013
71 1.78564 -46.1632
72 1.76751 -45.6547
73 1.81536 -46.9181
74 1.78175 -45.9326
75 1.79647 -39.2858
76 1.82501 -47.0801
77 1.78024 -46.0103
78 1.72995 -44.5373
79 1.65023 -35.8783
80 1.67662 -43.2953
81 1.72093 -37.6459
82 1.73565 -44.8576
83 1.71269 -37.4457
84 1.71341 -44.206
85 1.7795 -38.9009
86 1.77524 -45.8486
87 1.73567 -44.8959
88 1.79633 -39.1834
89 1.7321 -37.8432
90 1.81314 -46.7994
91 1.86005 -48.0009
92 1.85286 -47.7503
93 1.79128 -39.0653
94 1.76985 -45.5975
95 1.69398 -36.8581
96 1.70305 -44.0166
97 1.73274 -44.7655
98 1.72072 -44.4887
99 1.78403 -46.0514
100 1.73385 -37.8804
101 1.75056 -45.2537
102 1.74104 -44.8807
103 1.77292 -45.841
104 1.82474 -46.9867
105 1.75658 -38.2979
106 1.80691 -46.5987
107 1.80694 -39.4395
108 1.85568 -47.8117
109 1.82774 -47.1567
110 1.81551 -46.652
111 1.67063 -36.1849
112 1.62451 -35.4338
113 1.63281 -35.6302
114 1.66419 -36.364
115 1.67803 -36.6314
116 1.67335 -36.4588
117 1.6655 -36.3855
118 1.68325 -36.6679
119 1.70662 -37.2407
120 1.67421 -36.5503
121 1.73605 -44.7784
122 1.69928 -37.0635
123 1.77287 -45.6573
124 1.79224 -46.2479
125 1.74552 -45.0093
126 1.72252 -37.5135
127 0 0
