 strip / gain / offset  
0 1.82956 -37.5853
1 1.67592 -34.2637
2 1.63299 -33.1058
3 1.71445 -35.0677
4 1.90007 -38.8233
5 1.82182 -36.9096
6 1.68766 -34.054
7 1.85303 -37.5798
8 1.77456 -35.5137
9 1.74638 -34.7566
10 1.70992 -40.8523
11 1.66473 -32.7267
12 1.84862 -43.8031
13 1.67295 -39.1418
14 1.79762 -34.7609
15 1.76806 -33.6134
16 1.85081 -37.1762
17 1.77768 -35.4844
18 1.81294 -36.0301
19 1.7044 -33.5494
20 1.88982 -37.5172
21 1.81934 -35.9303
22 1.70945 -33.1597
23 1.76819 -34.0447
24 1.84889 -35.9724
25 1.81051 -34.916
26 2.00295 -39.0484
27 1.74777 -33.2119
28 1.77439 -33.393
29 1.76992 -33.5229
30 1.86489 -35.2376
31 1.66991 -30.6636
32 1.79903 -35.7804
33 1.79819 -35.7045
34 1.6651 -32.7059
35 1.74518 -34.2346
36 1.73156 -33.5383
37 1.69114 -39.4124
38 1.78192 -34.6622
39 1.80561 -35.1737
40 1.89033 -36.0887
41 1.69645 -32.1168
42 1.80432 -34.0644
43 1.94764 -37.0717
44 1.88217 -35.5126
45 1.89582 -35.5406
46 1.80329 -33.458
47 1.92839 -35.4904
48 1.93184 -31.9465
49 1.78462 -36.2892
50 1.85421 -37.5253
51 1.69685 -34.17
52 1.88042 -38.0816
53 1.72681 -34.5041
54 1.84898 -36.9466
55 1.88482 -37.9154
56 1.77362 -35.1517
57 1.9624 -39.0529
58 1.80438 -35.5512
59 1.92883 -37.9043
60 1.88905 -36.8529
61 1.75033 -33.6109
62 1.87271 -35.7007
63 1.83582 -34.9834
64 1.82792 -38.4991
65 1.75316 -36.677
66 1.81028 -38.0165
67 1.64676 -27.8279
68 1.64277 -34.0654
69 1.72086 -35.6845
70 1.72997 -35.8708
71 1.68855 -34.7801
72 1.88188 -46.632
73 1.65497 -33.8722
74 1.89402 -46.4973
75 1.652 -33.4166
76 1.69659 -34.546
77 1.68121 -33.7609
78 1.63953 -39.0999
79 1.73703 -34.3752
80 1.80468 -38.7
81 1.89144 -40.5965
82 0 0
83 1.799 -38.674
84 1.61771 -34.6323
85 1.78758 -38.2984
86 2.0255 -43.4527
87 1.86848 -40.0289
88 1.87176 -39.9611
89 1.58775 -33.7257
90 1.877 -39.9334
91 1.84659 -39.1016
92 1.71044 -42.8018
93 1.80581 -37.9448
94 1.61468 -33.478
95 1.63533 -33.7578
96 0 0 
97 1.82334 -46.4367
98 1.73588 -37.2842
99 1.70692 -43.4632
100 1.64553 -35.2782
101 1.7521 -44.5492
102 1.68684 -36.1077
103 1.81477 -46.0634
104 1.75433 -37.4206
105 1.70561 -36.3179
106 0 0
107 1.69653 -35.8685
108 1.71414 -36.1457
109 1.77475 -37.3332
110 1.68494 -35.1001
111 1.52553 -31.5264
112 1.71861 -36.2193
113 1.7307 -36.6493
114 1.7689 -37.452
115 1.85021 -39.2264
116 1.84337 -38.976
117 1.89695 -40.0175
118 1.85419 -39.0802
119 1.85872 -39.0283
120 1.84536 -38.6977
121 1.88483 -39.4499
122 1.86806 -38.9322
123 1.85894 -38.1153
124 2.00802 -41.6888
125 1.86009 -41.8067
126 1.84554 -37.5147
127 1.77474 -35.8479
