 strip / gain / offset  
0 6.4567 -133.504
1 6.5883 -136.135
2 6.54587 -135.394
3 6.60787 -136.616
4 6.71893 -139.001
5 6.5758 -136.003
6 6.51837 -134.501
7 6.41056 -132.397
8 6.43854 -133.586
9 6.42623 -132.926
10 6.4577 -133.851
11 6.38231 -132.222
12 6.5721 -135.986
13 6.68437 -111.916
14 6.4592 -133.745
15 6.71234 -139.249
16 6.59878 -136.363
17 6.41587 -107.495
18 6.59734 -136.372
19 6.48824 -108.523
20 6.64735 -137.592
21 6.5051 -108.336
22 6.30799 -129.844
23 6.51801 -109.123
24 6.67138 -138.471
25 6.67996 -138.673
26 6.32831 -131.254
27 6.53118 -109.346
28 6.36912 -106.111
29 6.46321 -134.212
30 6.53379 -135.494
31 6.82798 -142.16
