 strip / gain / offset  
0 44.4742 -962.481
1 42.6664 -923.385
2 44.3188 -958.404
3 43.0246 -930.695
4 43.2726 -936.739
5 44.4547 -961.527
6 42.9437 -929.417
7 43.0951 -932.182
8 43.5308 -942.018
9 44.2945 -957.454
10 44.5264 -963.308
11 44.3625 -959.222
12 43.1201 -933.16
13 44.3144 -958.181
14 42.9251 -927.91
15 43.3234 -936.899
16 44.7661 -967.057
17 44.9149 -970.624
18 44.6763 -966.168
19 43.1818 -934.462
20 44.4108 -960.002
21 44.1713 -954.951
22 45.8352 -989.712
23 43.3496 -937.312
24 44.1264 -955.116
25 44.1309 -954.742
26 44.2854 -958.058
27 42.306 -915.528
28 45.0134 -973.757
29 43.6731 -944.596
30 44.5703 -964.769
31 44.0085 -951.499
